2650 	27662 	-8990 	4726 	-10083 	-10023 	-12377 	-1199 	-16406 	7222 
-5452 	-11695 	-3569 	2714 	12733 	15122 	-10309 	-18738 	-14049 	15486 
14 	-21597 	-1709 	12846 	9663 	9279 	14069 	-12882 	1657 	-9388 
-3935 	16768 	-9673 	-26073 	-5742 	-14180 	-18444 	10085 	-14218 	10752 
5829 	8576 	891 	11624 	8479 	12161 	2393 	-7941 	265 	2332 
-2497 	-11154 	-6649 	13120 	1333 	11164 	1648 	-14608 	-3937 	18787 
9868 	7351 	-1075 	27480 	-7021 	-5907 	16250 	-1664 	-1319 	-9193 
14505 	-13320 	18515 	10490 	-3171 	-10272 	22838 	15973 	7569 	-4967 
-11567 	2423 	7292 	-1953 	1155 	-3480 	-707 	12448 	3864 	4080 
18780 	-12741 	23761 	10976 	-8384 	-7103 	16642 	12836 	11132 	1151 
